Anti-Mage:0.46697388632872505
Axe:0.5270430319778918
Bane:0.4500792393026941
Bloodseeker:0.5075200820372586
Crystal Maiden:0.5476616915422886
Drow Ranger:0.5347465437788018
Earthshaker:0.5015963107484924
Juggernaut:0.5043940498135208
Mirana:0.5532014478282576
Shadow Fiend:0.47050912584053795
Morphling:0.5014785357397777
Phantom Lancer:0.45568057080131724
Puck:0.45014245014245013
Pudge:0.517588828000707
Razor:0.46663477636928963
Sand King:0.49759375283755564
Storm Spirit:0.48579739904175223
Sven:0.5415467731516824
Tiny:0.44883003342761635
Vengeful Spirit:0.5245574337814455
Windranger:0.43584605817729566
Zeus:0.5459470304975923
Kunkka:0.4908147379346134
Lina:0.43872113676731794
Lich:0.534020618556701
Lion:0.47753551370994385
Shadow Shaman:0.5347603042632231
Slardar:0.5111233682662254
Tidehunter:0.5200809464508095
Witch Doctor:0.5022488755622189
Riki:0.5455007625826132
Enigma:0.5239901807632225
Tinker:0.4691988233258349
Sniper:0.5047464690900672
Necrophos:0.564451486625035
Warlock:0.5416435313714603
Beastmaster:0.4828411811652035
Queen of Pain:0.41954726215968186
Venomancer:0.5220316909051443
Faceless Void:0.5047772602412517
Skeleton King:0.5534763948497854
Death Prophet:0.4699549323985979
Phantom Assassin:0.5134554727870613
Pugna:0.47251717676452215
Templar Assassin:0.4466181061394381
Viper:0.48889869136891634
Luna:0.5458300026645351
Dragon Knight:0.4984859954579864
Dazzle:0.5024706082807974
Clockwerk:0.4980862464914519
Leshrac:0.44195751138088013
Nature's Prophet:0.4164259182831201
Lifestealer:0.4961572688293827
Dark Seer:0.49568837347606304
Clinkz:0.4601889338731444
Omniknight:0.6085336538461539
Enchantress:0.39389638041163944
Huskar:0.46564885496183206
Night Stalker:0.5048786022237349
Broodmother:0.3760204081632653
Bounty Hunter:0.47550522922072813
Weaver:0.4935393970103876
Jakiro:0.5148960089938167
Batrider:0.4495584693604496
Chen:0.4240506329113924
Spectre:0.5538744901986581
Doom:0.44913452778621316
Ancient Apparition:0.5094088259783514
Ursa:0.537133487654321
Spirit Breaker:0.5177528950138769
Gyrocopter:0.4461309523809524
Alchemist:0.4955671555224128
Invoker:0.45879973661932083
Silencer:0.549357326478149
Outworld Devourer:0.49109002545707015
Lycanthrope:0.45671887881286066
Brewmaster:0.4852374839537869
Shadow Demon:0.4712430426716141
Lone Druid:0.38603174603174606
Chaos Knight:0.49414850686037126
Meepo:0.4641133896260555
Treant Protector:0.5222588623248146
Ogre Magi:0.5285822757348954
Undying:0.5032043674341324
Rubick:0.45306068251228254
Disruptor:0.5133937562940584
Nyx Assassin:0.5078357200756553
Naga Siren:0.4515366430260047
Keeper of the Light:0.5064714619138553
Wisp:0.3555276381909548
Visage:0.44819819819819817
Slark:0.4939243243243243
Medusa:0.526257938446507
Troll Warlord:0.5046204620462046
Centaur Warrunner:0.5477169443843324
Magnus:0.45669148356637007
Timbersaw:0.4880792771786651
Bristleback:0.4798035604665439
Tusk:0.4229848363926576
Skywrath Mage:0.46338773709748565
Abaddon:0.5467026231919588
Elder Titan:0.5856687363651619
Legion Commander:0.487123411636062
Ember Spirit:0.42170770877944325
Earth Spirit:0.42609853528628494
Abyssal Underlord:0
Terrorblade:0.4881453578550853
Phoenix:0.5126877265665458
Techies:0.47484756097560976
Oracle:0.4342055365946151
Winter Wyvern:0.44640718562874254
Arc Warden:0.4332774986041318
